100 13 15 20 30 38 42
102 04 08 25 30 34 39
101 18 21 22 28 29 33
100 10 16 26 29 33 43
100 10 16 18 23 25 45
100 04 10 15 24 26 40
100 17 21 33 34 35 38
100 01 12 19 24 26 36
100 16 18 24 42 44 45
101 07 15 26 31 32 42
101 09 16 17 23 31 39
101 04 05 24 33 39 45
102 01 10 18 34 40 43
101 02 09 22 24 29 43
103 10 11 14 33 37 38
101 03 06 09 21 34 40
101 01 06 13 27 30 35
101 06 26 31 32 37 43
101 02 05 14 16 18 32
102 09 11 12 32 34 44
102 02 04 29 34 36 37
102 05 18 32 33 35 39
102 03 08 17 30 34 41
102 03 05 20 21 24 37
102 04 15 21 26 32 41
102 06 20 29 30 34 42
102 07 11 14 16 18 21
102 05 10 19 20 38 41
102 01 08 12 23 29 41
100 02 03 05 25 41 45
102 05 07 10 13 35 45
102 03 04 16 19 24 33